100 -1.3423695226515961
200 -0.6633474226874891
300 -0.5599385932569452
100 -0.7111934396371808
200 -1.0239726872016144
300 -1.1320832641880676
100 -2.1550018368691055
200 -2.077989512792847
300 -1.9174983264150869
400 -1.8682772502981841
500 -1.4103064038442228
600 -1.2798698167261064
700 -1.1497224800659855
800 -1.111258103985266
900 -2.0431543681447444
1000 -2.450526455507128
100 -1.2510502592098562
200 -1.0291108350045473
300 -0.9071242006239048
400 -0.9745700198518003
500 -0.7950500831269159
600 -0.7767076871608815
700 -0.8588055182319525
800 -0.729304454373152
100 -1.453271474447092
200 -1.0482105141678
300 -1.0382516254157297
400 -0.920387152601687
500 -0.8935615236333848
600 -0.737755007396718
700 -0.879340532529366
800 -1.5275031511293264
900 -1.6466731929587082
1000 -1.705079113393236
1100 -1.7342236144281369
1200 -1.7345826027180415
100 -2.384185670816827
200 -2.424093509963717
300 -2.457300775994014
400 -2.467021843544506
500 -2.476925360705152
600 -2.5180996050315216
700 -2.5226282751730724
800 -2.529526396939993
900 -2.5432921641465494
1000 -2.5620476643855574
1100 -2.5700156177522246
1200 -2.5801430725735464
1300 -2.589789781447124
1400 -2.5934409244403467
1500 -2.5831257642003256
1600 -2.58294918577256
1700 -2.578396998447904
1800 -2.5952535635807714
1900 -2.5895581521701376
2000 -2.5935234494055477
2100 -2.581564217438193
2200 -2.5875026035831103
2300 -2.608376264399382
2400 -2.6312270117099157
2500 -2.6764969109124013
2600 -2.6682346041176364
2700 -2.709946741293044
2800 -2.718312019352328
2900 -2.748445242357069
3000 -2.738102109686563
100 -0.6222621405725175
200 -0.5956788895672369
300 -1.3045654999721368
400 -1.5820668130096602
500 -1.6343938453270506
600 -1.6487942145765249
100 -1.3944044013956673
200 -1.517188617562823
100 -2.2665717221143518
200 -1.5612065810800448
300 -1.1067285993381633
400 -0.8918926796413025
500 -0.8832949255922227
600 -0.8109437310368236
700 -1.1846568239267987
800 -1.411307074003794
900 -1.4837088319458114
1000 -1.610754568206708
1100 -1.6376531499977274
1200 -1.67414886197632
1300 -1.619724480220119
1400 -1.7929767521375648
1500 -1.83099484865574
1600 -0.7529844595855995
1700 -0.5215732123085358
1800 -0.5403210581240798
1900 -0.6989189390685233
2000 -1.0445727308041606
2100 -1.1627734036001862
100 -1.9935140816159727
200 -1.1795288616669
100 -1.166759460539507
200 -1.4807252046298103
300 -1.583426234909136
400 -0.5534242464986292
500 -0.6514480566081087
100 -0.5589849047256576
100 -1.1499801172779076
200 -0.7260132720904677
300 -0.6054819009042417
400 -0.6384941523787755
100 -0.9017213389851068
200 -0.6685884728148097
300 -0.6616356592396436
400 -0.5947114298971803
500 -0.606634623649967
