100 -1.3423695226515961
200 -0.6633474226874891
300 -0.5599385932569452
100 -0.7111934396371808
200 -1.0239726872016144
300 -1.1320832641880676
100 -2.1550018368691055
200 -2.077989512792847
300 -1.9174983264150869
400 -1.8682772502981841
500 -1.4103064038442228
600 -1.2798698167261064
700 -1.1497224800659855
800 -1.111258103985266
900 -2.0431543681447444
1000 -2.450526455507128
100 -1.2510502592098562
200 -1.0291108350045473
300 -0.9071242006239048
400 -0.9745700198518003
500 -0.7950500831269159
600 -0.7767076871608815
700 -0.8588055182319525
800 -0.729304454373152
100 -1.453271474447092
200 -1.0482105141678
300 -1.0382516254157297
400 -0.920387152601687
500 -0.8935615236333848
600 -0.737755007396718
700 -0.879340532529366
800 -1.5275031511293264
900 -1.6466731929587082
1000 -1.705079113393236
1100 -1.7342236144281369
1200 -1.7345826027180415
100 -2.384185670816827
200 -2.424093509963717
300 -2.457300775994014
400 -2.467021843544506
500 -2.476925360705152
600 -2.5180996050315216
700 -2.5226282751730724
800 -2.529526396939993
900 -2.5432921641465494
1000 -2.5620476643855574
1100 -2.5700156177522246
1200 -2.5801430725735464
1300 -2.589789781447124
1400 -2.5934409244403467
1500 -2.5831257642003256
1600 -2.58294918577256
1700 -2.578396998447904
1800 -2.5952535635807714
1900 -2.5895581521701376
2000 -2.5935234494055477
2100 -2.581564217438193
2200 -2.5875026035831103
2300 -2.608376264399382
2400 -2.6312270117099157
2500 -2.6764969109124013
2600 -2.6682346041176364
2700 -2.709946741293044
2800 -2.718312019352328
2900 -2.748445242357069
3000 -2.738102109686563
100 -0.6158795881707899
100 -2.3596430979966145
200 -2.418061306672157
300 -2.4382341630911015
400 -2.446669421347707
500 -2.452711341422712
600 -2.4587931474316966
700 -2.482799378518341
800 -2.4993501119680044
900 -2.520147294374698
1000 -2.531232436263517
1100 -2.556524635378535
1200 -2.585633890050839
1300 -2.6011384675660785
1400 -2.627288873697679
1500 -2.646117803790572
1600 -2.646200909254842
1700 -2.657568654627345
1800 -2.6865441181531797
1900 -2.7024655390903543
2000 -2.7120080610120296
2100 -2.7198109872669347
2200 -2.730244867229497
2300 -2.72439363860896
2400 -2.742210242118897
2500 -2.720957591639479
2600 -2.73326564396029
2700 -2.7452660778236857
2800 -2.752190233868203
2900 -2.7426493805505507
3000 -2.7296230504458534
3100 -2.7505977529141026
3200 -2.7443468718321853
3300 -2.7635953507631243
3400 -2.758036970193946
3500 -2.744617209769029
3600 -2.744991030814874
3700 -2.756782552784178
3800 -2.7441904376447477
3900 -2.746526298393073
4000 -2.7539387797637045
4100 -2.7642070858120404
4200 -2.756426215960361
4300 -2.7664053114587763
4400 -2.765801136980406
4500 -2.770792230971772
4600 -2.77625347226523
4700 -2.7677496705542426
4800 -2.770005434056831
4900 -2.7615645272775633
5000 -2.745622302874294
5100 -2.762100888168043
5200 -2.7591931959650373
5300 -2.751217399333412
5400 -2.750814902703418
5500 -2.772565532239388
5600 -2.769739469498289
5700 -2.7626557888176837
5800 -2.7785613287549125
5900 -2.7695026958526414
6000 -2.7818850242013475
6100 -2.751669563464687
6200 -2.702550684924734
6300 -2.665826169019316
100 -2.3759989571833557
200 -2.434195595080262
300 -2.4430282701858292
400 -2.4708648627751257
500 -2.4870730132982484
600 -2.5072933417950485
700 -2.510587745376871
800 -2.53488496972758
900 -2.5456240568077106
1000 -2.564312366987553
1100 -2.5648590153452315
1200 -2.570524374635199
1300 -2.5864967494015585
1400 -2.5997967102113555
1500 -2.614381254268611
1600 -2.6431024469817066
1700 -2.660235347048516
1800 -2.671483035086439
1900 -2.6687781607824763
2000 -2.690068000580873
2100 -2.7037557979982325
2200 -2.7023400492141674
2300 -2.701340586474057
2400 -2.713340606094237
2500 -2.720269519523907
2600 -2.734075638786811
2700 -2.7432015852497065
2800 -2.750017746671092
2900 -2.7638020792413553
3000 -2.770170103617624
3100 -2.784122719970926
3200 -2.772806808289234
3300 -2.787463845290951
3400 -2.781597114540567
3500 -2.783827812914422
3600 -2.7880802991094322
3700 -2.7836076751242254
3800 -2.780840241156643
3900 -2.788073481667331
4000 -2.786154331096856
4100 -2.7795031292172037
4200 -2.768394407903509
4300 -2.773563127278154
4400 -2.7824972938438814
4500 -2.785771672172103
4600 -2.7838179175894684
4700 -2.789912038085863
4800 -2.7921640714239033
4900 -2.7749896547515536
5000 -2.770786189483146
5100 -2.786447495408182
5200 -2.7734658686398537
5300 -2.774223226226202
5400 -2.781349924505534
5500 -2.780776728667142
5600 -2.776530517757391
5700 -2.7731039858858875
5800 -2.788308228015534
5900 -2.7827742680882834
6000 -2.7859016357391977
6100 -2.79382986203936
6200 -2.7805005927806175
6300 -2.7832769370109305
6400 -2.774465020849548
6500 -2.7954188208267197
100 -2.389693596081516
200 -2.4209244962844974
300 -2.447041368913686
400 -2.4720263306138635
500 -2.5054232433361996
600 -2.5123219756647703
700 -2.5362079257598356
800 -2.54441412319
900 -2.5401649833266515
